Treino:
MIN=0.7618748692
MAx=0.8351119481
Mean=0.7833786706
STD=0.0132524256

Teste:
MIN=0.7698744770
MAx=0.7924686192
Mean=0.7810041841
STD=0.0061423202