Treino:
MIN=0.7610378740
MAx=0.8070726093
Mean=0.7783717744
STD=0.0103252036

Teste:
MIN=0.7698744770
MAx=0.7941422594
Mean=0.7829666622
STD=0.0050233871

